Time_min,Intensity
0.0,0.0
0.025025025025025027,0.0
0.05005005005005005,14.274102306560152
0.07507507507507508,0.0
0.1001001001001001,32.71197542050171
0.12512512512512514,0.0
0.15015015015015015,11.071181500603704
0.1751751751751752,0.0
0.2002002002002002,36.13435239735499
0.22522522522522523,30.120104247395446
0.2502502502502503,0.0
0.2752752752752753,0.0
0.3003003003003003,1.110485230487876
0.3253253253253253,0.0
0.3503503503503504,39.93732296964059
0.3753753753753754,71.36731940123354
0.4004004004004004,0.0
0.42542542542542544,0.0
0.45045045045045046,136.59435989749227
0.47547547547547553,0.0
0.5005005005005005,75.52078449548725
0.5255255255255256,29.451955138415613
0.5505505505505506,0.0
0.5755755755755756,0.0
0.6006006006006006,0.0
0.6256256256256256,0.0
0.6506506506506506,7.350284868558682
0.6756756756756758,0.0
0.7007007007007008,0.0
0.7257257257257258,0.0
0.7507507507507508,0.5435759261347276
0.7757757757757758,0.0
0.8008008008008008,0.0
0.8258258258258259,0.0
0.8508508508508509,0.0
0.8758758758758759,0.0
0.9009009009009009,7.817034923444141
0.9259259259259259,17.979586430299975
0.9509509509509511,0.0
0.9759759759759761,0.0
1.001001001001001,18.523569680444812
1.026026026026026,48.02573642759244
1.0510510510510511,52.56198440510571
1.0760760760760761,48.09283754187458
1.1011011011011012,0.0
1.1261261261261262,0.0
1.1511511511511512,0.0
1.1761761761761762,30.281819844739132
1.2012012012012012,41.824739826752015
1.2262262262262262,52.00887868442978
1.2512512512512513,41.86249480616319
1.2762762762762763,20.798003349802045
1.3013013013013013,0.0
1.3263263263263263,0.0
1.3513513513513515,37.48308991810358
1.3763763763763766,0.0
1.4014014014014016,0.0
1.4264264264264266,25.083867505105946
1.4514514514514516,14.686700751842597
1.4764764764764766,40.47523813465956
1.5015015015015016,0.0
1.5265265265265267,45.60347213571723
1.5515515515515517,0.0
1.5765765765765767,12.714246936447552
1.6016016016016017,85.30077146859827
1.6266266266266267,0.0
1.6516516516516517,92.7247369537026
1.6766766766766767,22.601477540342923
1.7017017017017018,52.06068603924068
1.7267267267267268,0.0
1.7517517517517518,0.0
1.7767767767767768,0.0
1.8018018018018018,0.0
1.8268268268268268,0.0
1.8518518518518519,69.24684839376674
1.876876876876877,0.0
1.9019019019019021,8.133982857236328
1.9269269269269271,0.0
1.9519519519519521,0.0
1.9769769769769772,39.488044776813716
2.002002002002002,0.0
2.027027027027027,6.0010268195353325
2.052052052052052,63.960815212587505
2.0770770770770772,0.0
2.1021021021021022,18.302897002769853
2.1271271271271273,35.61586174262583
2.1521521521521523,0.0
2.1771771771771773,0.0
2.2022022022022023,0.0
2.2272272272272273,0.0
2.2522522522522523,4.6791795196498525
2.2772772772772774,0.0
2.3023023023023024,0.0
2.3273273273273274,62.22005814502869
2.3523523523523524,11.87223780068412
2.3773773773773774,11.996409225566468
2.4024024024024024,41.34992263026886
2.4274274274274275,93.34762690802772
2.4524524524524525,37.715547513825825
2.4774774774774775,0.0
2.5025025025025025,76.84026912090954
2.5275275275275275,58.89700124863164
2.5525525525525525,0.0
2.5775775775775776,0.8992568330916079
2.6026026026026026,81.55646820223282
2.6276276276276276,32.32781282977806
2.6526526526526526,32.81778165280564
2.677677677677678,0.0
2.702702702702703,0.0
2.727727727727728,0.0
2.752752752752753,105.77596829786249
2.777777777777778,5.583484213385774
2.802802802802803,0.0
2.827827827827828,0.0
2.852852852852853,59.474843327622494
2.877877877877878,0.0
2.902902902902903,0.0
2.927927927927928,0.0
2.9529529529529532,12.907380225112492
2.9779779779779783,12.164399484288618
3.0030030030030033,46.918692856417564
3.0280280280280283,63.60573339366421
3.0530530530530533,15.484622809366968
3.0780780780780783,132.19424788991432
3.1031031031031033,24.309748429052735
3.1281281281281283,30.912666271288764
3.1531531531531534,75.40178613400946
3.1781781781781784,18.613125263628234
3.2032032032032034,17.015445899396692
3.2282282282282284,59.84188564075795
3.2532532532532534,18.221215113046743
3.2782782782782784,14.186727312366912
3.3033033033033035,0.0
3.3283283283283285,13.171842743056777
3.3533533533533535,0.0
3.3783783783783785,81.57253793976827
3.4034034034034035,15.954404414610499
3.4284284284284285,0.0
3.4534534534534536,0.0
3.4784784784784786,0.0
3.5035035035035036,0.0
3.5285285285285286,0.0
3.5535535535535536,0.0
3.5785785785785786,0.0
3.6036036036036037,0.0
3.6286286286286287,0.0
3.6536536536536537,0.0
3.6786786786786787,11.122665570929955
3.7037037037037037,18.329436906735012
3.7287287287287287,0.0
3.753753753753754,75.67740905749898
3.778778778778779,0.0
3.8038038038038042,0.0
3.8288288288288292,16.180079902764497
3.8538538538538543,0.0
3.8788788788788793,0.0
3.9039039039039043,0.0
3.9289289289289293,0.0
3.9539539539539543,0.0
3.9789789789789793,81.49355018442546
4.004004004004004,0.0
4.029029029029029,80.76146500756572
4.054054054054054,0.0
4.079079079079079,0.0
4.104104104104104,20.957125325224407
4.129129129129129,6.052712325752111
4.1541541541541545,0.0
4.1791791791791795,85.33360397541301
4.2042042042042045,0.0
4.2292292292292295,106.02415868342044
4.2542542542542545,0.0
4.2792792792792795,93.47413194389794
4.3043043043043046,14.381635590680112
4.32932932932933,72.99186827617203
4.354354354354355,0.0
4.37937937937938,30.620973451322673
4.404404404404405,17.655259847353694
4.42942942942943,0.0
4.454454454454455,84.46897582739177
4.47947947947948,30.477181573716443
4.504504504504505,8.61265745024483
4.52952952952953,0.0
4.554554554554555,89.63533246177893
4.57957957957958,0.0
4.604604604604605,0.0
4.62962962962963,0.0
4.654654654654655,0.0
4.67967967967968,0.0
4.704704704704705,42.823616249728836
4.72972972972973,62.438863348758
4.754754754754755,21.186674465998436
4.77977977977978,0.0
4.804804804804805,55.07755249965521
4.82982982982983,21.941898809082286
4.854854854854855,2.805117886412833
4.87987987987988,4.022978426124586
4.904904904904905,70.76088900965992
4.92992992992993,0.0
4.954954954954955,0.0
4.97997997997998,0.0
5.005005005005005,21.51675733762985
5.03003003003003,0.0
5.055055055055055,0.0
5.08008008008008,42.16502853730288
5.105105105105105,0.0
5.13013013013013,0.0
5.155155155155155,0.0
5.18018018018018,0.0
5.205205205205205,0.0
5.23023023023023,71.65360671981095
5.255255255255255,38.88606187630027
5.28028028028028,0.0
5.305305305305305,0.0
5.33033033033033,90.98538047409755
5.355355355355356,0.0
5.380380380380381,24.20389115433938
5.405405405405406,0.0
5.430430430430431,0.0
5.455455455455456,0.0
5.480480480480481,36.132302742046065
5.505505505505506,108.70470245029344
5.530530530530531,46.26792321047575
5.555555555555556,67.58083699249255
5.580580580580581,126.1066288069714
5.605605605605606,171.24928780701228
5.630630630630631,203.00221457099937
5.655655655655656,296.141507073302
5.680680680680681,222.37537127207074
5.705705705705706,392.4503794859574
5.730730730730731,497.60412945338044
5.755755755755756,511.43206039500905
5.780780780780781,606.1043556266947
5.805805805805806,724.2044346775277
5.830830830830831,960.3654155353588
5.855855855855856,1127.6894515245117
5.8808808808808815,1284.5863623339064
5.9059059059059065,1546.592827098179
5.9309309309309315,1694.5849803378937
5.9559559559559565,2008.860475402737
5.9809809809809815,2254.940148544321
6.0060060060060065,2446.0395001273832
6.0310310310310316,2890.8569258757857
6.056056056056057,3251.2455164451303
6.081081081081082,3602.8127614084774
6.106106106106107,3921.908977654551
6.131131131131132,4382.888321069804
6.156156156156157,4765.662728919784
6.181181181181182,5185.892824042236
6.206206206206207,5384.6997434225805
6.231231231231232,5882.5908726893285
6.256256256256257,6254.3223124160395
6.281281281281282,6699.804901513461
6.306306306306307,6815.408898777724
6.331331331331332,7079.927877451098
6.356356356356357,7329.221204478033
6.381381381381382,7456.413680924666
6.406406406406407,7496.99821192846
6.431431431431432,7694.920199654121
6.456456456456457,7746.87465718535
6.481481481481482,7618.485967400998
6.506506506506507,7566.552095367092
6.531531531531532,7471.677127701213
6.556556556556557,7228.556437678438
6.581581581581582,6951.824464950308
6.606606606606607,6779.530743049133
6.631631631631632,6417.372270292448
6.656656656656657,6061.290220660873
6.681681681681682,5670.268216809185
6.706706706706707,5330.818048218506
6.731731731731732,4944.720744227046
6.756756756756757,4566.494315710105
6.781781781781782,4135.282637306578
6.806806806806807,3778.696787118053
6.831831831831832,3406.2065696349405
6.856856856856857,2980.2293022747053
6.881881881881882,2751.8980531874054
6.906906906906907,2438.187212149347
6.931931931931932,2176.2042684135317
6.956956956956957,1827.154717691237
6.981981981981982,1550.8913305611004
7.007007007007007,1334.4383196851347
7.032032032032032,1128.0634162270044
7.057057057057057,1014.339011720008
7.082082082082082,790.7814309145679
7.107107107107107,630.8642291456374
7.132132132132132,644.1097376408301
7.157157157157157,474.02824418337246
7.182182182182182,540.7287063144612
7.207207207207207,273.69651720980863
7.232232232232232,246.6623294268797
7.257257257257257,157.32818120942068
7.282282282282282,270.0500420126991
7.307307307307307,155.10530271081362
7.332332332332332,87.96469660208726
7.357357357357357,45.31460712793747
7.382382382382382,42.115136930394755
7.407407407407407,0.0
7.4324324324324325,83.64445521240978
7.4574574574574575,90.91418269427038
7.482482482482483,15.387449930211275
7.507507507507508,0.0
7.532532532532533,0.0
7.557557557557558,25.351076776222502
7.582582582582583,7.170317616092135
7.6076076076076085,0.0
7.6326326326326335,5.4583496603150525
7.6576576576576585,0.0
7.6826826826826835,0.0
7.7077077077077085,0.0
7.7327327327327335,112.69237360069879
7.7577577577577586,0.0
7.782782782782784,70.91731645239253
7.807807807807809,0.0
7.832832832832834,0.0
7.857857857857859,50.47694118268295
7.882882882882884,31.997887269880472
7.907907907907909,0.0
7.932932932932934,41.24979076603918
7.957957957957959,2.132807135629683
7.982982982982984,30.66564939130042
8.008008008008009,132.5150205289827
8.033033033033034,141.77729770350967
8.058058058058059,32.52422274524898
8.083083083083084,93.2999928908389
8.108108108108109,176.8204615891952
8.133133133133134,193.9253133971003
8.158158158158159,293.80722148242796
8.183183183183184,408.2520588545459
8.208208208208209,369.8611254766714
8.233233233233234,436.85410605193476
8.258258258258259,593.7244770277346
8.283283283283284,723.8991209311662
8.308308308308309,816.8795948103153
8.333333333333334,995.729468463545
8.358358358358359,1172.377187588846
8.383383383383384,1354.3510287318063
8.408408408408409,1555.5666992161903
8.433433433433434,1662.851045822445
8.458458458458459,1904.7148770752115
8.483483483483484,2295.6060203895668
8.508508508508509,2469.403943296268
8.533533533533534,2689.012253452211
8.558558558558559,2930.684519879397
8.583583583583584,3251.849645746563
8.608608608608609,3566.725338379026
8.633633633633634,3771.895294624579
8.65865865865866,4071.572698022638
8.683683683683684,4234.910669021293
8.70870870870871,4660.120971985179
8.733733733733734,4809.740485141084
8.75875875875876,4972.695730923546
8.783783783783784,5071.701952807275
8.80880880880881,5282.315316793866
8.833833833833834,5292.053755319554
8.85885885885886,5444.157511378732
8.883883883883884,5528.292089376405
8.90890890890891,5501.869551635597
8.933933933933934,5416.685874853305
8.95895895895896,5413.285126074783
8.983983983983984,5217.751319996305
9.00900900900901,5026.300212326699
9.034034034034034,4827.369749378507
9.05905905905906,4625.040073657502
9.084084084084084,4407.282490009957
9.10910910910911,4249.863677999537
9.134134134134134,3917.1154650550225
9.15915915915916,3636.584633628871
9.184184184184184,3396.4589936455595
9.20920920920921,3093.9804237964368
9.234234234234235,2805.61105362568
9.25925925925926,2671.6964024952204
9.284284284284285,2363.5153371708225
9.30930930930931,2050.091123124597
9.334334334334335,1857.8338632350194
9.35935935935936,1531.7654689115607
9.384384384384385,1354.2098541827277
9.40940940940941,1196.2339032105526
9.434434434434435,1090.5357867981286
9.45945945945946,884.217974299138
9.484484484484485,712.3376652621407
9.50950950950951,607.2552789601569
9.534534534534535,516.6088387278256
9.55955955955956,505.6947962165333
9.584584584584585,304.0321228501563
9.60960960960961,293.59612622128463
9.634634634634635,197.6921507682006
9.65965965965966,126.1672039316419
9.684684684684685,196.27500956649237
9.70970970970971,146.96890951462237
9.734734734734735,51.17641724337048
9.75975975975976,140.80335709002554
9.784784784784785,77.52479617753734
9.80980980980981,58.16548690487955
9.834834834834835,0.0
9.85985985985986,49.591976812819155
9.884884884884885,0.0
9.90990990990991,58.86394979163097
9.934934934934935,4.541913538663987
9.95995995995996,99.59921904726615
9.984984984984985,0.0
10.01001001001001,33.52653257428246
10.035035035035035,0.0
10.06006006006006,0.0
10.085085085085085,15.436368175451534
10.11011011011011,0.0
10.135135135135135,0.0
10.16016016016016,0.0
10.185185185185185,72.09891420535939
10.21021021021021,80.57072079449681
10.235235235235235,0.0
10.26026026026026,0.4397412490751606
10.285285285285285,0.0
10.31031031031031,0.0
10.335335335335335,43.50736518297494
10.36036036036036,36.79744105648328
10.385385385385385,75.78691016935271
10.41041041041041,0.0
10.435435435435435,0.0
10.46046046046046,4.396712436295903
10.485485485485485,32.18148036529223
10.51051051051051,0.0
10.535535535535535,1.0725218954612714
10.56056056056056,97.06696886863463
10.585585585585585,50.12216389060268
10.61061061061061,4.639459487679392
10.635635635635635,34.25807832511225
10.66066066066066,125.52238069524103
10.685685685685687,90.57745491118945
10.710710710710712,85.10414991244355
10.735735735735737,74.04534710446376
10.760760760760762,141.87017214602741
10.785785785785787,226.9003669885368
10.810810810810812,222.6118823630955
10.835835835835837,229.43158025204582
10.860860860860862,441.07170987841647
10.885885885885887,495.18870750760084
10.910910910910912,640.1933779019122
10.935935935935937,690.3846155283352
10.960960960960962,874.8983623119867
10.985985985985987,1008.25719162973
11.011011011011012,1231.1712871679692
11.036036036036037,1422.9111815892027
11.061061061061062,1655.8586270776445
11.086086086086087,1992.2135114067996
11.111111111111112,2148.562667981231
11.136136136136138,2479.10723165311
11.161161161161163,2927.4036298896485
11.186186186186188,3391.528187023843
11.211211211211213,3715.1940569790304
11.236236236236238,4128.80396214872
11.261261261261263,4635.017178590775
11.286286286286288,5015.799183894217
11.311311311311313,5499.060375108051
11.336336336336338,6117.698686672312
11.361361361361363,6538.765259869565
11.386386386386388,6960.8834618578485
11.411411411411413,7353.391949643073
11.436436436436438,7823.789011150028
11.461461461461463,8322.159619190503
11.486486486486488,8499.210202577213
11.511511511511513,8771.381140198546
11.536536536536538,9036.397954106094
11.561561561561563,9267.555370074075
11.586586586586588,9374.18718122451
11.611611611611613,9428.493952166338
11.636636636636638,9375.151108229118
11.661661661661663,9286.806838927549
11.686686686686688,9103.681803182275
11.711711711711713,8959.394912068798
11.736736736736738,8687.742149784372
11.761761761761763,8461.872943643606
11.786786786786788,8096.768070716235
11.811811811811813,7636.495631092845
11.836836836836838,7140.381281217017
11.861861861861863,6748.237760818701
11.886886886886888,6434.063167319757
11.911911911911913,5970.389530501315
11.936936936936938,5372.940720528957
11.961961961961963,4933.741585526304
11.986986986986988,4500.321870633502
12.012012012012013,4032.014139765064
12.037037037037038,3595.9758692643372
12.062062062062063,3198.791668882081
12.087087087087088,2757.705449472723
12.112112112112113,2414.533065380544
12.137137137137138,2126.7484825759443
12.162162162162163,1960.6337142677914
12.187187187187188,1632.8943407038978
12.212212212212213,1458.6315647559368
12.237237237237238,1146.1979277064684
12.262262262262263,898.0680070051051
12.287287287287288,747.0678905283465
12.312312312312313,564.6759450651482
12.337337337337338,474.30589009263326
12.362362362362363,406.5445661907909
12.387387387387388,302.5736155301814
12.412412412412413,239.23818762676441
12.437437437437438,217.72403420853047
12.462462462462463,77.11878754527126
12.487487487487488,168.44197065641148
12.512512512512513,155.7209034302658
12.537537537537538,37.74320541794683
12.562562562562563,69.16438413764077
12.587587587587588,103.58130563836662
12.612612612612613,123.52463761136374
12.637637637637638,103.82691225910068
12.662662662662663,85.31364473623269
12.687687687687689,0.0
12.712712712712714,0.0
12.737737737737739,103.26271813520178
12.762762762762764,0.0
12.787787787787789,10.942921535566123
12.812812812812814,12.045599305660165
12.837837837837839,36.46525756718104
12.862862862862864,0.0
12.887887887887889,40.6192775425844
12.912912912912914,0.0
12.937937937937939,76.69509963804757
12.962962962962964,57.49654558156709
12.987987987987989,0.0
13.013013013013014,0.0
13.038038038038039,64.68028285377284
13.063063063063064,81.29569192580483
13.088088088088089,31.267288859937747
13.113113113113114,59.7414258437681
13.138138138138139,11.058113203555664
13.163163163163164,128.71783868277345
13.188188188188189,148.3742287702039
13.213213213213214,81.065081457463
13.238238238238239,153.3525359717015
13.263263263263264,204.98471272711913
13.288288288288289,352.69928682916736
13.313313313313314,375.7694822570759
13.338338338338339,391.22534709521466
13.363363363363364,387.42355306380057
13.388388388388389,483.07248502311666
13.413413413413414,664.3971814576341
13.438438438438439,695.7575493721383
13.463463463463464,926.0078901802324
13.488488488488489,939.6820749038003
13.513513513513514,1090.9599116184106
13.538538538538539,1157.192893646391
13.563563563563564,1324.851362092051
13.588588588588589,1537.1265882108587
13.613613613613614,1624.592090834782
13.63863863863864,1756.087185235889
13.663663663663664,1971.4925788082378
13.68868868868869,2042.2400545283074
13.713713713713714,2283.5070633029327
13.73873873873874,2422.677681130014
13.763763763763764,2585.4063538242062
13.78878878878879,2758.218419573329
13.813813813813814,2899.007260728922
13.83883883883884,2822.712317089457
13.863863863863864,2992.9187723707582
13.88888888888889,3068.030551297513
13.913913913913914,3105.201577124164
13.93893893893894,3129.4854706920573
13.963963963963964,3142.428796924649
13.98898898898899,3110.8031818626173
14.014014014014014,3072.2632904389707
14.03903903903904,2933.5271103942664
14.064064064064064,2857.9083756810173
14.08908908908909,2869.2540810117557
14.114114114114114,2630.8070005045647
14.13913913913914,2600.4575751482926
14.164164164164164,2431.7464160533605
14.18918918918919,2278.340651528642
14.214214214214214,2058.429166429832
14.23923923923924,1934.549356728448
14.264264264264265,1764.5557920344852
14.28928928928929,1688.1567205377273
14.314314314314315,1477.8371668783566
14.33933933933934,1229.845607301447
14.364364364364365,1160.4057699467166
14.38938938938939,1081.8923240996614
14.414414414414415,933.9585971401456
14.43943943943944,877.24327347628
14.464464464464465,703.9191592281782
14.48948948948949,567.4924799420206
14.514514514514515,582.1710520003261
14.53953953953954,541.9941469024145
14.564564564564565,502.7179503478815
14.58958958958959,281.03005473860145
14.614614614614615,223.7419404246919
14.63963963963964,275.7297218000072
14.664664664664665,203.86716142084637
14.68968968968969,240.84363200061364
14.714714714714715,140.2063883812948
14.73973973973974,154.59937531619394
14.764764764764765,112.1756168229542
14.78978978978979,110.03401348387729
14.814814814814815,90.22955870902362
14.83983983983984,0.0
14.864864864864865,67.36234697324082
14.88988988988989,0.0
14.914914914914915,27.643033666856056
14.93993993993994,0.0
14.964964964964967,16.04537009322982
14.989989989989992,0.0
15.015015015015017,43.14183782445353
15.040040040040042,0.0
15.065065065065067,41.454094011848575
15.090090090090092,0.0
15.115115115115117,0.0
15.140140140140142,65.45399285069531
15.165165165165167,0.0
15.190190190190192,0.0
15.215215215215217,29.793277170912823
15.240240240240242,52.64829214991319
15.265265265265267,0.0
15.290290290290292,0.0
15.315315315315317,64.34194670200594
15.340340340340342,0.0
15.365365365365367,47.91371859913338
15.390390390390392,0.0
15.415415415415417,0.0
15.440440440440442,0.0
15.465465465465467,39.79353057270795
15.490490490490492,0.0
15.515515515515517,1.646641042286101
15.540540540540542,0.0
15.565565565565567,0.0
15.590590590590592,43.283710986720074
15.615615615615617,19.84698216350146
15.640640640640642,11.124558771903406
15.665665665665667,0.0
15.690690690690692,65.8819571317815
15.715715715715717,98.19919787176829
15.740740740740742,84.61890597150585
15.765765765765767,116.77547224124683
15.790790790790792,60.69447599236259
15.815815815815817,85.30761203366836
15.840840840840842,172.15284224404323
15.865865865865867,258.1935121519691
15.890890890890892,275.54504442648954
15.915915915915917,364.027264663811
15.940940940940942,389.2547913505274
15.965965965965967,570.6151920486053
15.990990990990992,666.5169394724193
16.016016016016017,678.3874868305534
16.04104104104104,911.9114662402861
16.066066066066067,1114.6534455060048
16.09109109109109,1312.7053108885661
16.116116116116117,1580.0158354195553
16.14114114114114,1850.9706632612654
16.166166166166168,2300.0433400500633
16.19119119119119,2556.352818132836
16.216216216216218,2957.9036972391036
16.24124124124124,3413.2982921463627
16.266266266266268,3831.4044889222428
16.29129129129129,4437.360466379651
16.316316316316318,5037.802507298768
16.34134134134134,5593.204502205759
16.366366366366368,6216.6530429300565
16.39139139139139,6864.664224369604
16.416416416416418,7519.373815262503
16.44144144144144,8084.097973401474
16.466466466466468,8836.875774321617
16.49149149149149,9459.526884561283
16.516516516516518,10120.979608666716
16.54154154154154,10636.704127735804
16.566566566566568,11188.315852410467
16.59159159159159,11615.946436810878
16.616616616616618,12003.812052649824
16.64164164164164,12361.552287945737
16.666666666666668,12675.015006933654
16.69169169169169,12882.181837467182
16.716716716716718,13025.247631853372
16.74174174174174,12916.190449841535
16.766766766766768,12917.307020597405
16.79179179179179,12827.749632398723
16.816816816816818,12515.207354770931
16.84184184184184,12125.817324212183
16.866866866866868,11734.94136475603
16.89189189189189,11213.330111926143
16.916916916916918,10777.207776588075
16.94194194194194,10153.327391531042
16.966966966966968,9542.782606625822
16.99199199199199,8871.143144355816
17.017017017017018,8214.955108038404
17.04204204204204,7489.424564038416
17.067067067067068,6939.779325394179
17.092092092092095,6297.473334781013
17.117117117117118,5684.550842785392
17.142142142142145,4995.904126167015
17.167167167167168,4479.244273514665
17.192192192192195,3917.332820063046
17.217217217217218,3481.85121812589
17.242242242242245,2980.073704205463
17.26726726726727,2655.9496331532155
17.292292292292295,2251.186596845398
17.31731731731732,1951.091560765199
17.342342342342345,1524.9686140616443
17.36736736736737,1348.5261049957633
17.392392392392395,1139.4357889530897
17.41741741741742,1024.4844979816064
17.442442442442445,828.8440727105154
17.46746746746747,764.1214447419082
17.492492492492495,508.58705717713633
17.51751751751752,489.86824716606947
17.542542542542545,329.041441755421
17.56756756756757,250.0862314145676
17.592592592592595,244.85218684271683
17.61761761761762,112.40576317954705
17.642642642642645,137.9912036382606
17.66766766766767,92.57993289132627
17.692692692692695,65.77731696479492
17.71771771771772,0.0
17.742742742742745,10.885438210096183
17.76776776776777,19.717367972567317
17.792792792792795,0.0
17.81781781781782,3.258240244385071
17.842842842842845,18.0705823059988
17.86786786786787,0.0
17.892892892892895,69.65386089652613
17.91791791791792,0.0
17.942942942942945,48.55084746805718
17.96796796796797,0.0
17.992992992992995,0.0
18.01801801801802,3.4116244601337695
18.043043043043046,50.51217958719944
18.06806806806807,0.0
18.093093093093096,23.90822937898452
18.11811811811812,0.0
18.143143143143146,0.0
18.16816816816817,0.0
18.193193193193196,21.78477641767849
18.21821821821822,4.409149328372738
18.243243243243246,52.64939817409863
18.26826826826827,20.66977398926324
18.293293293293296,0.0
18.31831831831832,19.254384598620597
18.343343343343346,53.22687287379593
18.36836836836837,56.06300497933012
18.393393393393396,159.44670682396497
18.41841841841842,71.18672431940851
18.443443443443446,159.84935769105107
18.46846846846847,201.68961748329647
18.493493493493496,304.098544951261
18.51851851851852,403.2843884123688
18.543543543543546,497.72557956769987
18.56856856856857,507.8088778229933
18.593593593593596,810.4738489199513
18.61861861861862,810.1907168686173
18.643643643643646,944.1625643750708
18.66866866866867,1064.350945743088
18.693693693693696,1351.6359262187777
18.71871871871872,1468.3004270282388
18.743743743743746,1727.203762431129
18.76876876876877,1850.869759708876
18.793793793793796,2043.8865970855672
18.81881881881882,2553.412194669204
18.843843843843846,2741.290160666598
18.86886886886887,2954.953459364918
18.893893893893896,3339.9465993705935
18.91891891891892,3481.844409563141
18.943943943943946,3810.8895313147573
18.96896896896897,4002.8513408526583
18.993993993993996,4338.002371286634
19.01901901901902,4624.827286827742
19.044044044044046,4803.901910045271
19.06906906906907,4979.59675876411
19.094094094094096,5164.28256313889
19.11911911911912,5434.189718657887
19.144144144144146,5511.878823832475
19.16916916916917,5576.511601300065
19.194194194194196,5632.239674104276
19.21921921921922,5638.837415054913
19.244244244244246,5636.880155862768
19.26926926926927,5564.579316963605
19.294294294294296,5486.375290733285
19.31931931931932,5248.828100541883
19.344344344344346,5055.229217759725
19.36936936936937,4919.462009659079
19.394394394394396,4634.637154352346
19.41941941941942,4344.078291622092
19.444444444444446,4175.972873130404
19.46946946946947,3863.8409688322217
19.494494494494496,3617.868714149127
19.51951951951952,3302.935789850361
19.544544544544546,3129.375636151259
19.56956956956957,2789.5368121878505
19.594594594594597,2405.248920548946
19.61961961961962,2211.6186919850825
19.644644644644647,1967.404347510193
19.66966966966967,1750.758729560519
19.694694694694697,1521.5733098746243
19.71971971971972,1352.4027666932743
19.744744744744747,1135.5453163244592
19.76976976976977,820.9295086584166
19.794794794794797,805.8730553632244
19.81981981981982,711.9888181124447
19.844844844844847,663.5518160938374
19.86986986986987,459.1945207640368
19.894894894894897,384.24693212891094
19.91991991991992,354.24115190103527
19.944944944944947,230.09736260558694
19.96996996996997,163.89912528541154
19.994994994994997,192.5904562049979
20.02002002002002,150.27009565149262
20.045045045045047,149.85453426737325
20.07007007007007,26.798487913896068
20.095095095095097,35.374815822117824
20.12012012012012,39.415784959989246
20.145145145145147,0.0
20.17017017017017,1.0599523726393585
20.195195195195197,97.82168964122923
20.22022022022022,0.0
20.245245245245247,71.85186380537809
20.27027027027027,69.89979583932201
20.295295295295297,50.33235545075178
20.32032032032032,33.98463464128255
20.345345345345347,92.55477401787522
20.37037037037037,54.16279301305904
20.395395395395397,0.0
20.42042042042042,0.0
20.445445445445447,46.27216572073022
20.47047047047047,0.0
20.495495495495497,0.0
20.52052052052052,71.9628928163319
20.545545545545547,0.0
20.57057057057057,25.633723070158297
20.595595595595597,0.0
20.62062062062062,0.18209621883925287
20.645645645645647,46.528266280033264
20.67067067067067,149.27092237099
20.695695695695697,0.0
20.72072072072072,0.0
20.745745745745747,78.50379605041583
20.77077077077077,2.974830943064607
20.795795795795797,18.80223485123716
20.82082082082082,75.87678636670461
20.845845845845847,0.0
20.87087087087087,0.0
20.895895895895897,54.71833538722368
20.92092092092092,0.0
20.945945945945947,0.0
20.97097097097097,149.86799413770117
20.995995995995997,0.0
21.02102102102102,0.0
21.046046046046047,68.62524867579376
21.07107107107107,38.97609594437024
21.096096096096097,0.0
21.12112112112112,0.0
21.146146146146148,10.27531118283005
21.17117117117117,9.74366470619314
21.196196196196198,0.0
21.22122122122122,17.874644842825028
21.246246246246248,113.48073215035055
21.27127127127127,0.0
21.296296296296298,2.4880418829256556
21.32132132132132,40.28375741915015
21.346346346346348,0.0
21.371371371371374,50.213377729190704
21.396396396396398,0.0
21.421421421421424,52.57418310033756
21.446446446446448,0.0
21.471471471471475,70.57395152073998
21.496496496496498,0.0
21.521521521521525,0.0
21.546546546546548,56.04612172807471
21.571571571571575,0.6453896024936498
21.596596596596598,7.105905362408569
21.621621621621625,0.0
21.646646646646648,0.0
21.671671671671675,0.0
21.696696696696698,0.0
21.721721721721725,0.0
21.746746746746748,0.0
21.771771771771775,45.93172111888811
21.796796796796798,56.23396613628568
21.821821821821825,64.94826552274957
21.846846846846848,0.0
21.871871871871875,0.0
21.896896896896898,5.572602341320418
21.921921921921925,28.53861360295288
21.946946946946948,0.0
21.971971971971975,0.0
21.996996996996998,0.0
22.022022022022025,0.0
22.047047047047048,0.0
22.072072072072075,0.0
22.097097097097098,0.0
22.122122122122125,33.215981009386944
22.147147147147148,0.0
22.172172172172175,3.262382274533776
22.197197197197198,52.756084348695076
22.222222222222225,0.0
22.24724724724725,42.01912690487628
22.272272272272275,40.438540329009676
22.2972972972973,58.26364611689304
22.322322322322325,84.3213893365578
22.34734734734735,0.0
22.372372372372375,11.732461525794962
22.3973973973974,22.55175302160551
22.422422422422425,30.319705435668865
22.44744744744745,0.0
22.472472472472475,0.0
22.4974974974975,0.0
22.522522522522525,0.0
22.54754754754755,99.93695700199504
22.572572572572575,15.857944151240828
22.5975975975976,137.98660179911423
22.622622622622625,67.75056367729788
22.64764764764765,0.0
22.672672672672675,35.999981476063745
22.6976976976977,0.0
22.722722722722725,0.0
22.74774774774775,40.31258047094057
22.772772772772775,5.6360369803256924
22.7977977977978,132.75257970052326
22.822822822822825,37.70474109676501
22.84784784784785,0.0
22.872872872872875,0.0
22.8978978978979,17.618652335840583
22.922922922922925,0.0
22.94794794794795,51.30387029892347
22.972972972972975,14.521702846978396
22.997997997998,0.0
23.023023023023026,41.029693402186886
23.04804804804805,0.0
23.073073073073076,0.0
23.0980980980981,95.28355744406807
23.123123123123126,71.7432123153813
23.14814814814815,0.0
23.173173173173176,0.0
23.1981981981982,61.9663573751037
23.223223223223226,24.287828437105215
23.24824824824825,58.226079250024156
23.273273273273276,0.0
23.2982982982983,0.0
23.323323323323326,21.290730048056158
23.34834834834835,28.83038469623232
23.373373373373376,14.310814697469706
23.3983983983984,0.0
23.423423423423426,2.162890635639947
23.44844844844845,0.0
23.473473473473476,52.761310092240144
23.4984984984985,0.0
23.523523523523526,3.2149472672616684
23.54854854854855,0.0
23.573573573573576,37.626651666180585
23.5985985985986,0.0
23.623623623623626,0.0
23.64864864864865,0.0
23.673673673673676,84.96854490375561
23.6986986986987,0.0
23.723723723723726,54.62345074350504
23.74874874874875,58.52403323978671
23.773773773773776,4.3595293525524506
23.7987987987988,0.0
23.823823823823826,34.972536654067206
23.84884884884885,52.08116629748035
23.873873873873876,0.0
23.8988988988989,0.0
23.923923923923926,26.226451308067027
23.94894894894895,27.294068608851873
23.973973973973976,68.45858180998242
23.998998998999,0.0
24.024024024024026,0.0
24.04904904904905,8.672749379387113
24.074074074074076,0.0
24.0990990990991,0.0
24.124124124124126,24.080425604849786
24.14914914914915,0.0
24.174174174174176,76.49201181701866
24.1991991991992,0.0
24.224224224224226,0.0
24.24924924924925,0.0
24.274274274274276,13.773014398609787
24.2992992992993,35.80704178055256
24.324324324324326,36.88674601250955
24.34934934934935,8.619818443945322
24.374374374374376,0.0
24.3993993993994,0.0
24.424424424424426,44.0173965477816
24.44944944944945,29.488486196818307
24.474474474474476,0.0
24.4994994994995,46.23828847122539
24.524524524524526,0.0
24.54954954954955,26.639013109717485
24.574574574574577,37.83540470996751
24.5995995995996,0.0
24.624624624624627,50.8667186512199
24.64964964964965,0.0
24.674674674674677,71.32782156572269
24.6996996996997,11.585926323686266
24.724724724724727,28.907447228916823
24.74974974974975,0.0
24.774774774774777,26.306702441828588
24.7997997997998,0.0
24.824824824824827,21.2840382084408
24.84984984984985,0.0
24.874874874874877,0.0
24.8998998998999,0.0
24.924924924924927,0.0
24.94994994994995,0.0
24.974974974974977,71.089249301408
25.0,0.0
